[event]
RA  = 271.001083
Dec = -28.155111

[EMCEE_starting_mean_sigma]
t_0 = 2457512.642 0.01
t_E_beta = 0.374 0.020
f_s_sat_over_beta = 1740. 50.

[EMCEE_min_values]
t_0 = 2457510.
t_E_beta = 0.
f_s_sat_over_beta = 1.

[EMCEE_max_values]
t_0 = 2457515.
t_E_beta = 1000.
f_s_sat_over_beta = 20000.

[EMCEE_settings]
n_steps = 5000
n_burn = 2500
n_walkers = 20
file_acceptance_fractions = 

[MCPM]
ephemeris_file = K2_ephemeris_01.dat
channel = 52
campaigns = 91
n_select = 4
sat_sigma_scale = 4.476
l2_per_pixel = 6000.
n_pix_predictor_matrix = 500
selected_pixels_file = ob160795_01_sel_100.fits
coeffs_fits_in = ob160795_02.fits
mask_model_epochs = 2457513.03068 2457511.55931 2457518.40524 2457510.80320 2457512.92850 2457512.90806 2457523.10543 2457508.61659 2457512.47892 2457510.78277 2457512.82632
