[event]
RA  = 271.354292
Dec = -28.005583

[EMCEE_starting_mean_sigma]
t_0 = 2457555.945 0.01
t_E_beta = 3.25 0.05
f_s_sat_over_beta = 700. 50.
#u_0 = 0.5 0.15
#t_E = 10.0 3.0
#f_s_sat = 35. 10.

[EMCEE_min_values]
t_0 = 2457553.945
t_E_beta = 0.
f_s_sat_over_beta = 1.

[EMCEE_max_values]
t_0 = 2457557.945
t_E_beta = 1000.
f_s_sat_over_beta = 10000.

[EMCEE_settings]
n_steps = 500
n_burn = 250
n_walkers = 30
file_acceptance_fractions = 

[MCPM]
ephemeris_file = K2_ephemeris_01.dat
channel = 52
campaigns = 92
n_select = 4
sat_sigma_scale = 5.
l2_per_pixel = 6000.
n_pix_predictor_matrix = 500
coeffs_fits_out = ob160980_01.fits
mask_model_epochs =  2457552.81851 2457550.18236 2457552.79807 2457562.03477 2457553.51331 2457558.76515 2457561.58520 2457561.60563 2457561.68737 2457564.30306
