[event]
RA  = 271.001083
Dec = -28.155111
# methods = 

[file_names]
file_1 = phot_OGLE_I_02.dat mag
file_2 = phot_OGLE_V_02.dat mag
file_3 = phot_CFHT_i_01.dat_SCALED flux
file_4 = phot_CFHT_r_01.dat_SCALED flux
file_5 = phot_CFHT_g_01.dat_SCALED flux

[parameters_fixed]
t_0_par = 2457512.6

[EMCEE_starting_mean_sigma]
t_0    = 2457512.63 0.003
u_0    = -0.126 0.005
t_E    = 4.52 0.05
pi_E_N = 0.160 0.005
pi_E_E = -0.043 0.005
f_s_sat = 130.0 5.

[EMCEE_min_values]
t_E = 1.
pi_E_N = -1.0
pi_E_E = -0.5
f_s_sat = 1.

[EMCEE_max_values]
t_E = 15.
pi_E_N = 1.0
pi_E_E = 0.5
f_s_sat = 1000.

[EMCEE_settings]
n_steps = 10000
n_burn = 5000
n_walkers = 50
file_acceptance_fractions = run_102/run_102_n6.accept

[MCPM]
ephemeris_file = K2_ephemeris_01.dat
channel = 52
campaigns = 91
n_select = 4
sat_sigma_scale = 4.476
l2_per_pixel = 6000.
n_pix_predictor_matrix = 500
coeffs_fits_out = run_102/fits_run_102_n6.fits
selected_pixels_file = run_102/fits_run_102_n2_select_100.fits
mask_model_epochs = 2457513.03068 2457511.55931 2457518.40524 2457510.80320 2457512.92850 2457512.90806 2457523.10543 2457508.61659 2457512.47892 2457510.78277 2457512.82632

