ra: 271.036250
dec: -27.967890
campaign: 92
file_out: ephem_C9b_v1/30617_time_tpf.dat
